0
0
0
215
0
0
0
7
0
0
190
239
0
4
114
117
107
111
255
255
0
1
0
0
117
48
0
0
0
1
0
4
116
101
115
116
0
0
0
1
0
0
0
0
0
0
0
171
0
0
0
0
0
0
0
0
0
0
0
159
0
0
0
0
2
97
199
227
225
0
0
0
0
0
0
0
0
0
0
0
0
0
0
0
0
0
0
0
0
0
0
255
255
255
255
255
255
255
255
255
255
255
255
255
255
0
0
0
1
216
1
0
0
0
1
202
1
34
105
109
32
110
111
116
32
111
119
110
101
100
33
32
105
109
32
110
111
116
32
111
119
110
101
100
33
33
34
44
32
105
32
99
111
110
116
105
110
117
101
32
116
111
32
105
110
115
105
115
116
32
97
115
32
105
32
115
108
111
119
108
121
32
115
104
114
105
110
107
32
97
110
100
32
116
114
97
110
115
102
111
114
109
32
105
110
116
111
32
97
32
99
111
114
110
32
99
111
98
0
